start=12.367000
pause=yes
video-aspect-override=2.350000
