start=260.000000
speed=1.464100
pause=yes
brightness=-15
