start=16.133000
video-aspect-override=2.350000
